[645274]
1
645350:0:0:0:82:100:0:1
645358:0:0:4:63:81:0:1
645359:0:0:4:82:100:0:1
645354:0:0:1:63:81:0:1
645360:0:0:4:104:122:0:1
645355:0:0:1:82:100:0:1
645356:0:0:1:104:122:0:1
645357:0:0:4:24:42:0:1
645349:0:0:0:43:61:0:1
645351:2:0:0:104:122:0:1
645352:0:0:0:123:141:0:1
645353:0:0:1:43:61:0:1
[645275]
1
645366:0:0:1:43:61:1:1
645367:1:0:1:43:61:2:1
645363:0:0:0:43:61:2:1
645364:0:0:0:82:100:1:1
645365:0:0:0:82:100:2:1
645368:1:0:1:63:81:1:1
645369:2:0:1:63:81:2:1
645362:0:0:0:43:61:1:1
[645278]
1
645380:0:0:2:43:61:1:1
645383:0:0:2:123:141:2:1
645384:0:0:2:142:160:1:1
645382:0:0:2:123:141:1:1
645381:0:0:2:43:61:2:1
[645279]
1
645391:0:0:3:104:122:0:3
645390:0:0:3:82:100:0:3
645389:0:0:3:63:81:0:3
645388:0:0:3:43:61:0:3
645387:0:0:2:123:141:0:3
645386:0:0:2:104:122:0:3
[645280]
1
645398:0:0:3:123:141:0:1
645393:0:0:2:82:100:0:1
645399:0:0:4:24:42:0:1
645400:0:0:4:82:100:0:1
645395:0:0:3:63:81:0:1
645396:0:0:3:82:100:0:1
645397:0:0:3:104:122:0:1
645394:0:0:2:104:122:0:1
[645282]
1
645403:0:0:3:63:81:2:1
645402:0:0:3:63:81:1:1
645404:0:0:4:82:100:1:1
645405:0:0:4:82:100:2:1
645406:0:0:4:63:81:1:1
645407:0:0:4:63:81:2:1
645408:1:0:4:104:122:1:1
645409:2:0:4:104:122:2:1
[645277]
1
645375:4:0:1:82:100:1:2
645374:0:0:1:63:81:2:2
645372:0:0:1:43:61:2:2
645373:0:0:1:63:81:1:2
645376:0:0:1:82:100:2:2
645377:4:0:1:104:122:1:2
645378:4:0:1:104:122:2:2
645371:0:0:1:43:61:1:2
[645273]
1
645346:0:0:0:43:61:0:1
645336:0:0:0:142:160:0:1
645340:1:0:4:123:141:0:1
645341:0:0:3:104:122:0:1
645337:1:0:2:43:61:0:1
645342:1:0:4:82:100:0:1
645343:1:0:4:104:122:0:1
645344:0:0:1:82:100:0:1
645345:0:0:1:104:122:0:1
645347:0:0:0:82:100:0:1
645339:0:0:1:142:160:0:0
645338:0:0:2:82:100:0:1
[kolizje]
645275,645362;645273,645346
645273,645346;645275,645362
645275,645362;645274,645349
645274,645349;645275,645362
645275,645369;645277,645374
645277,645374;645275,645369
645275,645369;645274,645354
645274,645354;645275,645369
645275,645368;645277,645373
645277,645373;645275,645368
645275,645368;645274,645354
645274,645354;645275,645368
645275,645365;645273,645347
645273,645347;645275,645365
645275,645365;645274,645350
645274,645350;645275,645365
645275,645364;645273,645347
645273,645347;645275,645364
645275,645364;645274,645350
645274,645350;645275,645364
645275,645363;645273,645346
645273,645346;645275,645363
645275,645363;645274,645349
645274,645349;645275,645363
645275,645367;645277,645372
645277,645372;645275,645367
645275,645367;645274,645353
645274,645353;645275,645367
645275,645366;645277,645371
645277,645371;645275,645366
645275,645366;645274,645353
645274,645353;645275,645366
645279,645390;645280,645396
645280,645396;645279,645390
645279,645386;645280,645394
645280,645394;645279,645386
645279,645391;645280,645397
645280,645397;645279,645391
645279,645391;645273,645341
645273,645341;645279,645391
645279,645387;645278,645383
645278,645383;645279,645387
645279,645387;645278,645382
645278,645382;645279,645387
645279,645389;645280,645395
645280,645395;645279,645389
645279,645389;645282,645403
645282,645403;645279,645389
645279,645389;645282,645402
645282,645402;645279,645389
645280,645397;645273,645341
645273,645341;645280,645397
645280,645400;645273,645342
645273,645342;645280,645400
645280,645400;645274,645359
645274,645359;645280,645400
645280,645400;645282,645405
645282,645405;645280,645400
645280,645400;645282,645404
645282,645404;645280,645400
645280,645395;645282,645403
645282,645403;645280,645395
645280,645395;645282,645402
645282,645402;645280,645395
645280,645393;645273,645338
645273,645338;645280,645393
645280,645399;645274,645357
645274,645357;645280,645399
645273,645346;645274,645349
645274,645349;645273,645346
645273,645347;645274,645350
645274,645350;645273,645347
645273,645345;645277,645377
645277,645377;645273,645345
645273,645345;645277,645378
645277,645378;645273,645345
645273,645345;645274,645356
645274,645356;645273,645345
645273,645344;645277,645375
645277,645375;645273,645344
645273,645344;645277,645376
645277,645376;645273,645344
645273,645344;645274,645355
645274,645355;645273,645344
645273,645343;645274,645360
645274,645360;645273,645343
645273,645343;645282,645409
645282,645409;645273,645343
645273,645343;645282,645408
645282,645408;645273,645343
645277,645375;645274,645355
645274,645355;645277,645375
645277,645374;645274,645354
645274,645354;645277,645374
645277,645376;645274,645355
645274,645355;645277,645376
645277,645377;645274,645356
645274,645356;645277,645377
645273,645337;645278,645381
645278,645381;645273,645337
645273,645337;645278,645380
645278,645380;645273,645337
645277,645378;645274,645356
645274,645356;645277,645378
645273,645342;645274,645359
645274,645359;645273,645342
645273,645342;645282,645405
645282,645405;645273,645342
645273,645342;645282,645404
645282,645404;645273,645342
645277,645371;645274,645353
645274,645353;645277,645371
645277,645372;645274,645353
645274,645353;645277,645372
645277,645373;645274,645354
645274,645354;645277,645373
645274,645359;645282,645405
645282,645405;645274,645359
645274,645359;645282,645404
645282,645404;645274,645359
645274,645358;645282,645406
645282,645406;645274,645358
645274,645358;645282,645407
645282,645407;645274,645358
645274,645360;645282,645409
645282,645409;645274,645360
645274,645360;645282,645408
645282,645408;645274,645360
